-128 0
-127 0
-126 0
-125 1
-124 0
-123 1
-122 1
-121 0
-120 0
-119 1
-118 1
-117 1
-116 0
-115 0
-114 1
-113 0
-112 0
-111 0
-110 0
-109 1
-108 1
-107 1
-106 0
-105 1
-104 1
-103 0
-102 0
-101 1
-100 1
-99 1
-98 1
-97 1
-96 0
-95 1
-94 0
-93 1
-92 1
-91 0
-90 1
-89 1
-88 0
-87 1
-86 0
-85 1
-84 1
-83 1
-82 1
-81 1
-80 1
-79 1
-78 0
-77 0
-76 1
-75 0
-74 1
-73 1
-72 0
-71 0
-70 0
-69 0
-68 0
-67 0
-66 1
-65 0
-64 1
-63 1
-62 0
-61 0
-60 0
-59 0
-58 1
-57 1
-56 1
-55 0
-54 1
-53 1
-52 1
-51 0
-50 1
-49 1
-48 1
-47 0
-46 0
-45 0
-44 0
-43 1
-42 0
-41 1
-40 0
-39 1
-38 1
-37 1
-36 1
-35 1
-34 0
-33 1
-32 0
-31 0
-30 0
-29 0
-28 1
-27 0
-26 1
-25 1
-24 1
-23 1
-22 0
-21 1
-20 1
-19 1
-18 1
-17 1
-16 1
-15 0
-14 0
-13 0
-12 0
-11 0
-10 1
-9 0
-8 1
-7 1
-6 1
-5 0
-4 1
-3 0
-2 1
-1 1
0 0
1 1
2 1
3 0
4 0
5 1
6 1
7 0
8 0
9 0
10 1
11 1
12 0
13 1
14 1
15 0
16 1
17 1
18 1
19 1
20 0
21 0
22 1
23 0
24 0
25 1
26 0
27 0
28 1
29 1
30 0
31 0
32 0
33 1
34 1
35 1
36 0
37 1
38 1
39 0
40 1
41 1
42 0
43 0
44 1
45 0
46 1
47 0
48 0
49 1
50 1
51 0
52 0
53 0
54 0
55 0
56 0
57 1
58 1
59 0
60 1
61 0
62 0
63 1
64 1
65 0
66 0
67 1
68 1
69 1
70 1
71 0
72 0
73 1
74 0
75 1
76 1
77 0
78 1
79 0
80 1
81 1
82 0
83 1
84 1
85 1
86 1
87 1
88 1
89 1
90 1
91 0
92 0
93 0
94 0
95 1
96 0
97 0
98 0
99 0
100 0
101 0
102 1
103 0
104 0
105 0
106 1
107 0
108 1
109 0
110 1
111 0
112 0
113 1
114 0
115 0
116 0
117 1
118 0
119 1
120 1
121 0
122 0
123 1
124 1
125 0
126 0
127 0
