-128 1
-127 0
-126 0
-125 1
-124 1
-123 0
-122 0
-121 1
-120 0
-119 1
-118 0
-117 1
-116 1
-115 1
-114 1
-113 1
-112 0
-111 0
-110 0
-109 0
-108 0
-107 0
-106 0
-105 1
-104 1
-103 0
-102 0
-101 0
-100 1
-99 0
-98 1
-97 0
-96 0
-95 0
-94 0
-93 0
-92 0
-91 1
-90 1
-89 0
-88 1
-87 1
-86 1
-85 1
-84 1
-83 1
-82 0
-81 0
-80 1
-79 0
-78 0
-77 1
-76 0
-75 0
-74 1
-73 1
-72 0
-71 0
-70 0
-69 1
-68 1
-67 1
-66 1
-65 0
-64 1
-63 1
-62 1
-61 1
-60 1
-59 0
-58 1
-57 1
-56 1
-55 0
-54 0
-53 0
-52 1
-51 1
-50 0
-49 1
-48 0
-47 1
-46 0
-45 0
-44 1
-43 1
-42 0
-41 1
-40 1
-39 1
-38 0
-37 0
-36 0
-35 0
-34 0
-33 0
-32 0
-31 1
-30 0
-29 1
-28 0
-27 1
-26 0
-25 1
-24 1
-23 1
-22 0
-21 0
-20 1
-19 1
-18 0
-17 0
-16 0
-15 1
-14 0
-13 0
-12 1
-11 0
-10 0
-9 0
-8 0
-7 0
-6 1
-5 1
-4 1
-3 1
-2 1
-1 1
0 1
1 1
2 1
3 0
4 0
5 1
6 0
7 0
8 0
9 1
10 1
11 1
12 1
13 0
14 0
15 1
16 0
17 0
18 0
19 0
20 0
21 0
22 1
23 1
24 1
25 1
26 0
27 1
28 1
29 1
30 1
31 1
32 1
33 1
34 0
35 1
36 0
37 0
38 0
39 1
40 1
41 0
42 1
43 0
44 0
45 0
46 0
47 1
48 1
49 0
50 0
51 1
52 1
53 1
54 1
55 0
56 1
57 1
58 0
59 0
60 0
61 0
62 0
63 0
64 1
65 0
66 1
67 1
68 1
69 1
70 1
71 1
72 1
73 1
74 0
75 0
76 0
77 0
78 1
79 0
80 1
81 0
82 1
83 1
84 1
85 0
86 0
87 1
88 0
89 0
90 1
91 1
92 0
93 1
94 0
95 0
96 1
97 0
98 1
99 1
100 1
101 0
102 1
103 0
104 0
105 0
106 0
107 0
108 0
109 1
110 0
111 1
112 0
113 0
114 0
115 1
116 0
117 1
118 1
119 1
120 0
121 0
122 1
123 0
124 1
125 1
126 0
127 1
