-128 1
-127 1
-126 1
-125 0
-124 0
-123 0
-122 0
-121 1
-120 1
-119 0
-118 0
-117 1
-116 1
-115 1
-114 1
-113 1
-112 1
-111 1
-110 1
-109 1
-108 1
-107 1
-106 0
-105 0
-104 0
-103 1
-102 1
-101 1
-100 0
-99 0
-98 1
-97 1
-96 1
-95 0
-94 0
-93 1
-92 0
-91 1
-90 0
-89 1
-88 0
-87 1
-86 0
-85 0
-84 0
-83 1
-82 0
-81 0
-80 1
-79 0
-78 0
-77 0
-76 0
-75 1
-74 0
-73 0
-72 1
-71 0
-70 0
-69 1
-68 0
-67 1
-66 0
-65 0
-64 1
-63 1
-62 1
-61 0
-60 1
-59 0
-58 1
-57 1
-56 0
-55 0
-54 0
-53 0
-52 0
-51 0
-50 1
-49 0
-48 0
-47 1
-46 0
-45 1
-44 1
-43 0
-42 1
-41 1
-40 1
-39 1
-38 1
-37 1
-36 0
-35 0
-34 0
-33 0
-32 0
-31 1
-30 0
-29 1
-28 1
-27 0
-26 0
-25 0
-24 0
-23 0
-22 1
-21 1
-20 1
-19 1
-18 1
-17 0
-16 1
-15 0
-14 1
-13 0
-12 1
-11 0
-10 1
-9 1
-8 0
-7 0
-6 1
-5 0
-4 1
-3 1
-2 0
-1 1
0 1
1 0
2 1
3 1
4 1
5 0
6 0
7 1
8 0
9 1
10 1
11 1
12 1
13 1
14 1
15 0
16 1
17 0
18 0
19 0
20 1
21 0
22 0
23 0
24 0
25 1
26 0
27 0
28 1
29 0
30 1
31 1
32 0
33 0
34 0
35 1
36 1
37 1
38 0
39 1
40 1
41 1
42 1
43 0
44 0
45 0
46 0
47 1
48 1
49 1
50 0
51 0
52 0
53 1
54 0
55 1
56 0
57 1
58 1
59 0
60 1
61 1
62 0
63 1
64 0
65 0
66 1
67 1
68 0
69 1
70 0
71 0
72 0
73 1
74 0
75 0
76 0
77 1
78 1
79 0
80 0
81 1
82 1
83 0
84 1
85 0
86 1
87 1
88 0
89 0
90 1
91 1
92 0
93 1
94 0
95 0
96 1
97 0
98 0
99 0
100 0
101 0
102 0
103 0
104 1
105 1
106 0
107 1
108 0
109 1
110 0
111 0
112 1
113 1
114 0
115 1
116 1
117 1
118 1
119 1
120 1
121 1
122 0
123 1
124 0
125 0
126 1
127 1
